Izu  (4204,2181)  (4168,2240)  (4228,2248)  (4110,2298)  (4169,2304)  (4047,2331)  (4109,2358)  (4018,2391)  (4081,2417)  (3973,2448)  (4027,2448)  (3954,2508)  (4026,2507)  (4081,2471)  (4134,2413)  (4167,2361)

Bingo  (1915,1055)  (1963,1093)  (1908,1108)  (1855,1131)  (1854,1186)  (1909,1161)  (1958,1144)  (2012,1111)  (2012,1162)  (2003,1214)  (1956,1198)  (1906,1213)  (1853,1237)  (1904,1264)  (1954,1254)  (1964,1303)  (1912,1315)  (1853,1294)  (1842,1345)  (1894,1366)  (1946,1369)  (1968,1420)  (1913,1417)  (1862,1416)  (1934,1468)

Ise  (2937,2482)  (2962,2418)  (3012,2388)  (3067,2361)  (3082,2307)  (3118,2250)  (3172,2199)  (3178,2257)  (3146,2312)  (3215,2315)  (3268,2265)  (3247,2206)  (3303,2155)  (3310,2208)  (3357,2139)  (3350,2082)  (3358,2025)  (3417,2051)  (3424,1981)  (3411,1915)  (3417,1857)  (3444,1803)  (3474,1855)  (3471,1918)

South Mutsu  (4729,1111)  (4792,1111)  (4689,1170)  (4870,1123)  (4946,1179)  (4953,1112)  (5014,1127)  (5024,1190)  (5088,1241)  (5094,1184)  (5096,1112)  (5151,1043)  (5158,1110)  (5158,1179)  (5163,1248)  (5226,1202)  (5228,1118)  (5223,1045)  (5241,968)  (5291,914)  (5361,883)  (5337,965)  (5304,1017)  (5296,1086)  (5307,1149)  (5374,1131)  (5370,1061)  (5408,989)  (5432,922)  (5494,875)  (5497,942)  (5487,1007)  (5439,1074)

Hizen  (465,1201)  (469,1253)  (522,1253)  (463,1305)  (516,1305)  (430,1360)  (483,1357)  (537,1356)  (579,1300)  (588,1250)  (602,1193)  (640,1247)  (636,1304)  (594,1359)  (622,1412)  (561,1411)  (502,1413)  (444,1415)  (478,1469)  (540,1464)  (600,1469)  (617,1523)

Inaba  (2378,836)  (2427,844)  (2476,853)  (2528,847)  (2375,892)  (2425,899)  (2477,909)  (2531,909)  (2369,949)  (2427,958)  (2477,966)  (2534,970)  (2369,1001)  (2424,1012)  (2429,1063)  (2479,1020)  (2528,1024)  (2478,1077)  (2533,1077)  (2456,1129)  (2509,1132)  (2561,1131)  (2524,1183)  (2582,1189)


Iga  (3197,1789)  (3244,1772)  (3296,1744)  (3350,1743)  (3304,1802)  (3254,1829)  (3215,1882)  (3272,1883)  (3328,1863)  (3329,1925)  (3274,1943)  (3214,1939)  (3180,1995)  (3234,1998)  (3295,2000)  (3157,2051)  (3215,2051)  (3275,2057)  (3145,2105)  (3206,2105)
Buzen  (902,1112)  (948,1081)  (1002,1080)  (961,1136)  (1016,1136)  (1070,1130)  (971,1189)  (1032,1188)  (1086,1188)  (1014,1241)  (1071,1247)  (1124,1266)  (1071,1300)  (1126,1325)  (1173,1282)  (1176,1332)  (1226,1313)  (1181,1385)  (1109,1109)

Tosa  (1405,1984)  (1405,2034)  (1407,2086)  (1424,2139)  (1461,2083)  (1456,2031)  (1461,1983)  (1514,1970)  (1514,2026)  (1523,2081)  (1578,2075)  (1570,2023)  (1582,1969)  (1636,1975)  (1633,2029)  (1687,2056)  (1695,2008)  (1750,2002)  (1750,2057)  (1802,2040)  (1815,2092)  (1870,2117)  (1879,2176)  (1879,2229)

Shima  (3002,2545)  (3019,2494)  (3071,2447)  (3124,2415)  (3182,2403)  (3237,2391)  (3133,2465)  (3190,2459)  (3242,2457)  (3079,2502)  (3070,2555)  (3138,2519)  (3197,2516)  (3256,2514)  (3143,2571)  (3196,2571)  (3256,2570)  (3311,2537)  (3207,2628)  (3266,2631)  (3319,2597)

Omi  (3121,1422)  (3172,1405)  (3232,1402)  (3286,1356)  (3343,1375)  (3292,1416)  (3241,1455)  (3298,1470)  (3352,1436)  (3401,1434)  (3356,1491)  (3411,1489)  (3343,1548)  (3392,1549)  (3445,1553)  (3373,1601)  (3423,1606)  (3391,1659)  (3445,1659)  (3442,1715)  (3494,1714)

Wakasa  (3046,1149)  (3100,1152)  (3046,1203)  (3106,1206)  (3043,1260)  (3100,1260)  (3052,1313)  (3106,1310)  (3079,1363)  (3160,1339)  (3161,1286)  (3160,1232)  (3157,1179)  (3202,1127)  (3219,1076)  (3232,1027)  (3214,1179)  (3214,1231)  (3220,1290)

Bizen  (2259,1381)  (2175,1569)  (2213,1520)  (2241,1469)  (2289,1436)  (2338,1416)  (2295,1489)  (2267,1541)  (2316,1563)  (2346,1514)  (2346,1465)  (2397,1433)  (2398,1485)  (2367,1565)  (2416,1599)  (2421,1541)  (2457,1493)  (2449,1444)

Kawachi  (2922,1613)  (2975,1613)  (2916,1673)  (2971,1679)  (2899,1729)  (2952,1742)  (2875,1790)  (2930,1802)  (2818,1845)  (2879,1846)  (2911,1903)  (2854,1903)  (2794,1907)  (2740,1922)  (2741,1979)  (2797,1958)  (2851,1958)  (2906,1961)  (2803,2018)  (2855,2018)  (2908,2022)  (2747,2035)  (2801,2075)  (2854,2076)  (2908,2080)  (2832,2128)  (2887,2127)
Iwami  (1644,889)  (1690,875)  (1743,865)  (1789,857)  (1842,848)  (1849,894)  (1798,914)  (1748,913)  (1696,932)  (1643,942)  (1645,996)  (1696,978)  (1749,963)  (1802,964)  (1853,944)  (1877,994)  (1821,1017)  (1837,1065)  (1768,1015)  (1785,1063)  (1732,1076)  (1718,1024)  (1686,1071)  (1635,1041)  (1583,1042)

Mimasaka  (2366,1108)  (2318,1156)  (2366,1159)  (2268,1171)  (2221,1207)  (2270,1222)  (2219,1260)  (2268,1269)  (2268,1318)  (2318,1210)  (2319,1263)  (2322,1314)  (2372,1355)  (2373,1305)  (2371,1257)  (2372,1207)  (2420,1186)  (2420,1234)  (2421,1284)  (2423,1336)  (2425,1384)  (2480,1391)  (2476,1337)  (2473,1285)  (2471,1234)

Satsuma  (489,1798)  (539,1840)  (489,1860)  (543,1891)  (595,1871)  (651,1882)  (596,1923)  (487,1918)  (544,1949)  (480,1969)  (544,2001)  (597,1972)  (594,2032)  (543,2057)  (490,2022)  (489,2072)  (492,2121)  (438,2134)  (387,2164)  (436,2189)  (492,2179)  (485,2233)  (647,1931)

Etchu  (3814,1068)  (3828,1118)  (3868,1063)  (3884,1112)  (3853,1176)  (3909,1170)  (3934,1224)  (3938,1074)  (3958,1128)  (3981,1182)  (3993,1236)  (4001,1290)  (4060,1281)  (4035,1341)  (4048,1227)  (4035,1176)  (4014,1122)  (4008,1074)  (4064,1081)  (4086,1134)  (4098,1186)  (4142,1129)  (4126,1080)  (4183,1081)

Echigo  (4191,1198)  (4243,1176)  (4248,1115)  (4302,1053)  (4305,1106)  (4307,1166)  (4363,1178)  (4360,1118)  (4362,1059)  (4399,997)  (4453,956)  (4459,1015)  (4417,1075)  (4419,1136)  (4477,1140)  (4477,1076)  (4534,1131)  (4537,1066)  (4518,1010)  (4509,948)  (4564,914)  (4572,968)  (4591,1025)  (4596,1085)  (4651,1037)  (4643,983)  (4635,923)  (4696,872)  (4703,926)  (4762,939)  (4759,881)  (4813,821)  (4823,883)  (4829,935)  (4881,912)  (4875,851)  (4869,794)  (4894,742)  (4949,767)  (4931,824)  (4940,875)  (4988,822)  (4692,977)

Aki  (1589,1120)  (1641,1127)  (1688,1138)  (1743,1138)  (1791,1162)  (1744,1185)  (1698,1185)  (1648,1189)  (1599,1171)  (1625,1235)  (1673,1240)  (1720,1233)  (1770,1237)  (1794,1288)  (1740,1285)  (1647,1279)  (1695,1282)  (1758,1339)  (1785,1387)  (1738,1390)
Chikuzen  (751,1161)  (698,1192)  (754,1216)  (804,1169)  (804,1222)  (805,1277)  (859,1192)  (864,1247)  (865,1306)  (888,1359)  (921,1304)  (916,1252)  (973,1325)  (945,1376)  (917,1430)  (974,1432)  (978,1485)  (1032,1499)  (1035,1444)  (1009,1381)  (1062,1393)  (1089,1445)

Iyo  (1563,1692)  (1615,1710)  (1666,1704)  (1720,1693)  (1771,1697)  (1729,1749)  (1677,1756)  (1622,1764)  (1561,1747)  (1508,1788)  (1567,1804)  (1624,1816)  (1689,1810)  (1714,1862)  (1657,1865)  (1601,1865)  (1546,1856)  (1496,1840)  (1441,1838)  (1395,1889)  (1455,1894)  (1520,1907)  (1607,1912)  (1672,1917)

Tsushima  (1185,278)  (1185,326)  (1224,339)  (1229,302)  (1239,254)  (1279,293)  (1281,245)  (1323,228)  (1322,269)  (1359,290)  (1364,245)  (1368,200)  (1405,188)  (1409,231)  (1411,277)  (1449,209)  (1451,251)

Noto  (3974,775)  (3921,760)  (3918,812)  (3864,750)  (3866,805)  (3813,744)  (3813,799)  (3761,739)  (3758,793)  (3707,764)  (3708,822)  (3657,803)  (3655,855)  (3602,871)  (3587,923)  (3647,920)  (3635,975)  (3693,973)  (3719,1027)

Yamashiro  (3088,1502)  (3142,1502)  (3193,1515)  (3070,1560)  (3123,1560)  (3178,1569)  (3232,1568)  (3284,1584)  (3304,1637)  (3230,1620)  (3175,1623)  (3121,1612)  (3060,1613)  (3045,1665)  (3100,1669)  (3157,1676)  (3215,1680)  (3263,1680)  (3162,1725)  (3109,1725)  (3055,1724)

Higo  (737,1679)  (786,1702)  (736,1736)  (684,1748)  (663,1801)  (608,1807)  (718,1846)  (721,1797)  (775,1787)  (841,1721)  (836,1773)  (835,1830)  (783,1839)  (888,1863)  (894,1805)  (896,1752)  (909,1700)  (965,1698)  (954,1758)  (957,1812)  (1014,1800)  (1020,1745)  (1047,1691)  (1100,1702)  (1077,1761)  (946,1864)

North Mutsu  (5333,177)  (5296,237)  (5270,306)  (5341,308)  (5282,369)  (5349,372)  (5415,336)  (5481,375)  (5535,179)  (5311,443)  (5381,437)  (5462,446)  (5313,522)  (5393,520)  (5482,528)  (5307,599)  (5393,595)  (5481,593)  (5321,670)  (5403,666)  (5476,663)  (5546,672)  (5325,738)  (5410,737)  (5483,741)  (5561,751)  (5336,802)  (5411,799)  (5484,800)

Sado  (4493,481)  (4442,505)  (4443,559)  (4391,520)  (4338,527)  (4289,567)  (4341,582)  (4391,571)  (4388,623)  (4337,636)  (4289,615)  (4236,616)  (4304,687)  (4266,737)  (4324,735)  (4376,728)  (4390,673)  (4439,663)

Owari  (3565,1885)  (3620,1887)  (3675,1887)  (3533,1941)  (3588,1942)  (3644,1942)  (3521,1995)  (3575,1997)  (3639,1999)  (3490,2044)  (3548,2051)  (3605,2054)  (3477,2099)  (3527,2108)  (3581,2111)  (3430,2153)  (3485,2159)  (3549,2162)  (3516,2214)  (3459,2213)  (3407,2219)  (3400,2275)  (3449,2268)

Settsu  (2691,1579)  (2740,1589)  (2792,1607)  (2848,1606)  (2852,1658)  (2793,1663)  (2740,1643)  (2686,1634)  (2655,1687)  (2708,1695)  (2763,1715)  (2819,1715)  (2794,1769)  (2737,1766)  (2680,1749)  (2626,1750)  (2590,1802)  (2649,1805)  (2699,1817)  (2752,1820)
Tango  (2793,965)  (2845,969)  (2896,971)  (2802,1022)  (2855,1023)  (2811,1079)  (2869,1080)  (2931,1100)  (2822,1134)  (2875,1131)  (2931,1153)  (2983,1144)  (2967,1205)  (2912,1206)  (2858,1189)  (2833,1241)  (2890,1260)  (2942,1261)  (2974,1312)

Totomi  (3916,1845)  (3973,1842)  (3903,1897)  (3961,1899)  (4015,1929)  (3898,1952)  (3958,1954)  (4014,1984)  (3890,2010)  (3952,2010)  (3871,2064)  (3929,2068)  (3982,2104)  (3867,2125)  (3926,2122)  (3989,2158)  (3932,2176)  (3877,2179)  (3821,2184)  (3826,2237)  (3888,2232)  (3949,2223)

Hoki  (2198,858)  (2246,874)  (2298,872)  (2166,912)  (2216,922)  (2270,928)  (2282,979)  (2225,978)  (2172,973)  (2121,1004)  (2172,1030)  (2223,1029)  (2274,1032)  (2288,1079)  (2230,1087)  (2202,1138)  (2149,1126)  (2174,1082)  (2122,1063)  (2101,1110)

Kii  (2379,2279)  (2347,2337)  (2411,2343)  (2388,2403)  (2472,2373)  (2451,2430)  (2416,2484)  (2390,2544)  (2420,2602)  (2455,2541)  (2478,2486)  (2512,2433)  (2569,2423)  (2538,2492)  (2596,2480)  (2518,2547)  (2585,2544)  (2489,2601)  (2550,2601)  (2503,2655)  (2563,2656)  (2608,2598)  (2663,2595)  (2624,2649)  (2641,2541)  (2699,2541)  (2662,2481)  (2696,2427)  (2758,2399)  (2811,2356)  (2856,2285)  (2908,2327)  (2879,2384)  (2824,2417)  (2758,2457)  (2757,2517)  (2827,2475)  (2758,2574)  (2808,2529)

Mino  (3525,1467)  (3580,1443)  (3640,1440)  (3693,1464)  (3583,1494)  (3640,1493)  (3526,1523)  (3695,1521)  (3588,1548)  (3644,1551)  (3530,1578)  (3592,1602)  (3651,1608)  (3704,1578)  (3556,1656)  (3615,1656)  (3676,1659)  (3730,1634)  (3734,1686)  (3676,1712)  (3620,1712)  (3564,1716)  (3573,1770)  (3628,1767)  (3684,1769)  (3745,1746)  (3608,1819)  (3670,1819)

Yamato  (3017,1840)  (3075,1815)  (3131,1834)  (3070,1873)  (3130,1898)  (2993,1898)  (3053,1935)  (2992,1961)  (3110,1959)  (3058,2000)  (2989,2026)  (3070,2056)  (2981,2085)  (3040,2111)  (3076,2167)  (3023,2169)  (2969,2144)  (2965,2200)  (2965,2253)  (3025,2226)
Tamba  (2736,1353)  (2784,1332)  (2836,1353)  (2887,1359)  (2938,1373)  (2988,1378)  (2725,1407)  (2786,1387)  (2780,1439)  (2835,1405)  (2888,1410)  (2939,1429)  (2992,1432)  (3043,1435)  (3014,1491)  (2957,1487)  (2886,1465)  (2905,1516)  (2835,1465)  (2851,1518)  (2799,1522)  (2725,1465)  (2745,1518)

Kai  (4180,1570)  (4229,1571)  (4281,1571)  (4333,1571)  (4125,1589)  (4072,1603)  (4050,1658)  (4063,1712)  (4106,1655)  (4162,1643)  (4216,1626)  (4268,1625)  (4321,1625)  (4374,1625)  (4216,1680)  (4269,1678)  (4321,1680)  (4375,1679)  (4422,1676)  (4410,1736)  (4358,1738)  (4300,1735)  (4245,1733)  (4188,1732)  (4122,1709)


Suruga  (4040,1788)  (4091,1793)  (4140,1809)  (4189,1822)  (4239,1829)  (4048,1845)  (4102,1862)  (4152,1873)  (4207,1883)  (4090,1915)  (4142,1927)  (4195,1945)  (4089,1970)  (4142,1981)  (4152,2038)  (4042,2049)  (4096,2033)  (4093,2085)  (4144,2106)  (4094,2138)  (4075,2189)

Chikugo  (758,1330)  (768,1378)  (813,1387)  (765,1435)  (817,1438)  (774,1488)  (828,1486)  (879,1494)  (780,1538)  (825,1538)  (885,1547)  (935,1530)  (789,1589)  (837,1593)  (888,1597)  (939,1583)  (985,1572)  (1038,1572)  (987,1623)  (1039,1625)  (940,1635)  (858,1647)  (809,1637)  (742,1605)

Osumi  (699,1978)  (650,2021)  (702,2026)  (676,2076)  (726,2079)  (777,2082)  (681,2131)  (729,2135)  (779,2138)  (783,2196)  (731,2184)  (678,2187)  (624,2155)  (629,2206)  (627,2257)  (678,2238)  (728,2238)  (714,2289)  (662,2308)  (613,2310)  (565,2343)  (613,2356)

Mikawa  (3805,1820)  (3774,1874)  (3829,1877)  (3743,1928)  (3801,1932)  (3725,1984)  (3785,1990)  (3717,2039)  (3774,2045)  (3695,2093)  (3755,2102)  (3654,2147)  (3710,2156)  (3626,2203)  (3680,2211)  (3737,2213)  (3626,2258)  (3681,2265)  (3743,2269)  (3645,2321)  (3699,2321)  (3756,2327)  (3596,2357)

Sanuki  (1796,1774)  (1777,1822)  (1828,1862)  (1849,1801)  (1879,1848)  (1897,1900)  (1933,1846)  (1985,1808)  (1987,1857)  (1948,1906)  (2002,1929)  (2053,1937)  (2102,1955)  (2156,1960)  (2165,1909)  (2113,1904)  (2062,1888)  (2043,1838)  (2034,1786)  (2092,1804)  (2113,1851)

Iki  (939,609)  (986,613)  (977,661)  (1022,682)  (974,711)  (954,761)  (901,763)  (927,709)  (928,660)  (878,634)  (827,652)  (811,702)  (875,679)  (857,724)

Izumo  (1906,835)  (1956,831)  (1913,887)  (1963,885)  (2008,832)  (2024,779)  (2072,778)  (2121,776)  (2172,781)  (2123,827)  (2066,831)  (2106,877)  (2012,882)  (2060,879)  (2104,927)  (2054,931)  (2005,933)  (1955,936)  (1951,986)  (2004,985)  (2056,979)  (2019,1036)

AwaS  (1765,1912)  (1804,1960)  (1852,1933)  (1857,1987)  (1907,1974)  (1896,2038)  (1945,2027)  (1993,1993)  (1998,2045)  (1945,2077)  (1956,2133)  (1963,2184)  (2005,2095)  (2012,2147)  (2019,2200)  (2069,2214)  (2070,2165)  (2061,2116)  (2057,2067)  (2051,2020)  (2110,2015)  (2116,2067)  (2124,2117)  (2118,2168)

Izumi  (2461,2134)  (2513,2134)  (2568,2138)  (2623,2132)  (2679,2114)  (2727,2132)  (2675,2173)  (2623,2189)  (2569,2192)  (2516,2189)  (2464,2188)  (2479,2243)  (2534,2243)  (2592,2246)  (2651,2244)  (2704,2223)  (2756,2186)  (2756,2240)  (2752,2294)  (2701,2295)  (2647,2300)  (2597,2304)  (2545,2300)  (2494,2296)  (2564,2358)  (2623,2358)  (2681,2351)
Nagato  (1212,891)  (1262,895)  (1192,942)  (1252,945)  (1188,992)  (1246,996)  (1307,1016)  (1308,963)  (1313,907)  (1360,924)  (1365,974)  (1416,998)  (1422,940)  (1471,910)  (1481,960)  (1530,988)  (1535,936)  (1539,886)  (1585,910)  (1590,966)

Bungo  (1294,1312)  (1348,1314)  (1278,1367)  (1330,1365)  (1261,1414)  (1212,1450)  (1155,1465)  (1128,1517)  (1116,1572)  (1116,1625)  (1178,1585)  (1187,1523)  (1238,1506)  (1296,1498)  (1248,1563)  (1313,1556)  (1232,1616)  (1287,1614)  (1183,1643)  (1222,1691)  (1276,1670)  (1332,1667)  (1349,1612)  (1278,1727)  (1339,1715)  (1350,1505)

Oki  (2500,361)  (2499,401)  (2486,447)  (2543,410)  (2544,365)  (2580,326)  (2624,319)  (2590,364)  (2591,408)  (2637,417)  (2636,368)  (2680,389)  (2675,346)

Shinano  (3834,1741)  (3889,1747)  (3945,1756)  (3826,1668)  (3884,1688)  (3940,1694)  (3887,1632)  (3943,1638)  (3917,1578)  (3973,1584)  (3952,1522)  (4005,1530)  (4009,1477)  (4057,1525)  (3995,1711)  (4110,1523)  (4063,1469)  (4041,1417)  (4093,1378)  (4115,1434)  (4169,1453)  (4154,1383)  (4137,1319)  (4153,1269)  (4205,1270)  (4192,1324)  (4210,1376)  (4222,1432)  (4256,1485)  (4277,1426)  (4265,1372)  (4330,1435)  (4314,1492)  (4378,1491)
Kazusa  (4691,2164)  (4716,2217)  (4750,2132)  (4771,2189)  (4774,2249)  (4834,2309)  (4827,2254)  (4826,2203)  (4800,2114)  (4854,2147)  (4882,2095)  (4937,2080)  (4911,2148)  (4969,2131)  (4881,2202)  (4887,2255)  (4940,2263)  (4940,2202)  (4999,2186)  (4998,2243)  (5052,2210)  (5055,2258)

Suo  (1268,1095)  (1320,1080)  (1359,1130)  (1374,1081)  (1428,1054)  (1428,1105)  (1412,1154)  (1462,1170)  (1481,1120)  (1487,1073)  (1529,1125)  (1513,1175)  (1493,1226)  (1545,1225)  (1515,1277)  (1569,1277)  (1533,1328)

Shimotsuke  (4635,1301)  (4644,1352)  (4640,1406)  (4641,1462)  (4675,1517)  (4682,1576)  (4734,1538)  (4730,1484)  (4696,1428)  (4701,1376)  (4698,1324)  (4701,1273)  (4758,1259)  (4752,1313)  (4756,1369)  (4754,1425)  (4779,1478)  (4805,1422)  (4810,1370)  (4803,1316)  (4810,1262)  (4828,1211)  (4876,1219)  (4860,1269)  (4914,1272)  (4858,1320)  (4913,1324)  (4864,1373)

Dewa  (4814,1011)  (4866,1011)  (4921,1014)  (4977,1026)  (4957,954)  (5020,939)  (5049,1005)  (5098,928)  (5094,860)  (5161,895)  (5165,830)  (5229,796)  (5098,780)  (5162,760)  (5223,726)  (5160,695)  (5100,719)  (5039,711)  (4983,663)  (5041,644)  (5103,655)  (5167,632)  (5220,658)  (5017,585)  (5078,585)  (5136,572)  (5201,567)  (5023,519)  (5085,512)  (5143,506)  (5212,504)  (5067,453)  (5126,447)  (5184,444)  (5113,378)  (5175,380)  (5147,308)

Kaga  (3467,962)  (3518,966)  (3488,1018)  (3543,1017)  (3509,1069)  (3564,1072)  (3624,1071)  (3677,1077)  (3524,1126)  (3583,1126)  (3639,1128)  (3696,1131)  (3747,1135)  (3552,1178)  (3608,1178)  (3660,1181)  (3713,1191)  (3767,1191)  (3587,1236)  (3644,1236)  (3701,1244)  (3611,1291)

Echizen  (3310,1014)  (3363,1011)  (3413,1017)  (3321,1068)  (3370,1068)  (3425,1071)  (3314,1121)  (3368,1119)  (3431,1125)  (3315,1175)  (3371,1176)  (3428,1176)  (3318,1232)  (3372,1233)  (3431,1230)  (3482,1211)  (3323,1287)  (3377,1287)  (3431,1284)  (3487,1266)  (3536,1272)  (3434,1338)  (3486,1320)  (3540,1326)  (3489,1372)  (3549,1379)

Hida  (3653,1359)  (3706,1325)  (3706,1383)  (3758,1297)  (3760,1354)  (3765,1410)  (3770,1464)  (3772,1521)  (3794,1580)  (3847,1554)  (3826,1497)  (3825,1441)  (3818,1384)  (3816,1328)  (3810,1271)  (3866,1263)  (3873,1318)  (3873,1374)  (3882,1428)  (3882,1482)  (3935,1444)  (3937,1393)  (3929,1339)

Kozuke  (4284,1253)  (4336,1247)  (4390,1247)  (4444,1232)  (4498,1211)  (4553,1204)  (4288,1306)  (4342,1301)  (4393,1300)  (4444,1286)  (4498,1265)  (4549,1258)  (4360,1354)  (4417,1353)  (4468,1338)  (4522,1319)  (4423,1404)  (4476,1390)  (4528,1372)  (4577,1389)  (4528,1429)  (4474,1447)  (4526,1484)  (4577,1442)  (4576,1511)  (4606,1556)

AwaH  (4581,2252)  (4537,2303)  (4591,2306)  (4640,2261)  (4642,2314)  (4693,2288)  (4749,2321)  (4693,2342)  (4756,2377)  (4530,2363)  (4586,2361)  (4641,2368)  (4697,2396)  (4807,2411)  (4752,2432)  (4753,2484)  (4699,2453)  (4646,2432)  (4593,2420)  (4529,2417)  (4501,2468)  (4557,2475)  (4616,2486)  (4491,2525)  (4556,2534)  (4686,2504)

Hyuga  (744,1921)  (795,1927)  (783,1977)  (848,1926)  (831,1978)  (828,2029)  (885,1978)  (883,2032)  (923,1927)  (941,1977)  (940,2026)  (862,2083)  (922,2085)  (998,2016)  (997,1964)  (1001,1908)  (1048,1958)  (1060,1902)  (1083,1848)  (1134,1863)  (1144,1816)  (1197,1798)  (974,2081)  (962,2136)  (905,2136)  (857,2139)  (858,2191)  (910,2186)  (834,2246)  (886,2240)

Awaji  (2278,1912)  (2279,1957)  (2289,2006)  (2335,2005)  (2382,2004)  (2328,1963)  (2326,1918)  (2374,1882)  (2375,1929)  (2427,1981)  (2423,1934)  (2423,1882)  (2468,1845)
Hitachi  (5006,1279)  (4984,1331)  (5033,1330)  (4969,1384)  (4921,1433)  (4972,1436)  (4869,1470)  (4923,1490)  (4977,1492)  (4834,1530)  (4888,1546)  (4940,1549)  (4798,1584)  (4778,1635)  (4833,1636)  (4894,1603)  (4948,1606)  (4895,1660)  (4949,1665)  (4984,1723)  (4928,1723)  (4871,1717)  (4816,1695)  (4890,1777)  (4923,1834)  (4923,1895)
SZ9  (350,706)  (465,714)  (399,627)  (534,610)
SZ8  (5650,431)  (5662,525)  (5686,619)  (5719,726)
SZ7  (4504,392)  (4608,386)  (4931,380)  (4988,285)
SZ13  (1952,694)  (2061,678)  (2186,664)  (2319,688)  (2421,732)  (2513,746)
SZ12  (1468,798)  (1583,781)  (1684,775)  (1792,750)  (1515,697)  (1697,679)
SZ2  (490,230)  (550,230)  (610,230)  (670,230)  (720,230)  (780,230)  (840,230)  (900,230)  (490,280)  (550,280)  (610,280)  (670,280)  (720,280)  (780,280)  (840,280)  (900,280)
SZ15  (3156,957)  (3250,908)  (3375,874)  (3468,838)  (3093,1039)  (3077,884)  (3226,802)  (3369,775)
SZ14  (2685,811)  (2762,845)  (2848,865)  (2938,898)  (2683,511)  (2779,460)  (2785,632)  (2686,679)
SZ5  (3330,200)  (3150,280)  (3210,200)  (3270,280)   (3380,280)
SZ17  (4057,823)  (3981,904)  (3852,928)  (3968,979)  (4128,1009)  (4126,901)
SZ6  (3893,296)  (4004,294)  (4137,295)  (4248,294)
SZ16  (3819,639)  (3934,647)  (4164,571)  (4239,477)  (4113,668)  (3658,660)
SZ19  (348,1300)  (356,1172)  (450,1078)  (578,1032)
SZ3  (1133,199)  (1257,146)  (1451,115)  (1589,173)
SZ4  (2439,223)  (2552,221)  (2684,228)  (2791,288)
SZ18  (4509,827)  (4619,783)  (4724,733)  (4806,657)  (4671,622)  (4545,682)  (4377,824)
Musashi  (4467,1570)  (4538,1613)  (4522,1686)  (4585,1737)  (4495,1759)  (4622,1799)  (4550,1811)  (4493,1825)  (4493,1896)  (4566,1876)  (4601,1940)  (4533,1951)  (4473,2007)  (4550,2013)  (4443,2078)  (4519,2075)  (4474,1950)
SZ11  (1070,549)  (1127,637)  (1076,777)  (1086,921)  (1209,771)  (1305,785)
SZ10  (715,1030)  (816,1018)  (756,781)  (834,853)
Sagami  (4326,1839)  (4392,1811)  (4396,1869)  (4303,1900)  (4372,1931)  (4273,1958)  (4333,1989)  (4272,2018)  (4218,2050)  (4226,2103)  (4282,2075)  (4343,2046)  (4394,1989)  (4348,2109)  (4287,2149)  (4322,2208)  (4384,2169)  (4392,2232)  (4390,2292)
SZ26  (1186,1152)  (1225,1221)  (1299,1196)  (1370,1231)  (1434,1296)
SZ25  (1504,1453)  (1507,1539)  (1589,1446)  (1601,1567)  (1690,1478)  (1704,1564)
SZ24  (1209,1912)  (1292,1912)  (1312,1824)  (1429,1744)  (1451,1672)
SZ29  (2537,1893)  (2521,1978)  (2501,2053)  (2587,2053)  (2611,1974)  (2626,1900)
Shimosa  (4672,1666)  (4718,1722)  (4720,1791)  (4777,1799)  (4707,1851)  (4777,1858)  (4837,1870)  (4693,1913)  (4762,1922)  (4829,1935)  (4885,1973)  (4704,1982)  (4772,1986)  (4830,2002)  (4768,2045)  (4703,2046)  (4649,2060)
SZ28  (2206,1675)  (2207,1760)  (2286,1837)  (2291,1743)  (2333,1657)  (2383,1738)
SZ27  (1857,1536)  (1921,1597)  (2014,1606)  (2095,1636)  (1871,1678)  (1982,1691)
SZ22  (1001,2288)  (1055,2201)  (1112,2096)  (1203,2027)  (1282,2093)  (1331,2219)
SZ21  (358,2308)  (418,2384)  (524,2461)  (632,2439)  (740,2405)  (266,2282)
SZ20  (354,2041)  (358,1940)  (388,1838)  (415,1728)  (568,1688)  (269,2133)
SZ32  (362,2638)  (447,2640)  (536,2638)  (648,2639)
SZ33  (880,2617)  (1006,2620)  (1121,2620)  (1240,2621)
SZ30  (1511,2213)  (1605,2177)  (1718,2171)  (1780,2277)
SZ31  (2245,2135)  (2327,2134)  (2213,2225)  (1999,2297)  (2113,2301)  (2245,2355)
SZ38  (3693,2434)  (3754,2488)  (3832,2416)  (3846,2485)  (3961,2292)  (3905,2359)
SZ39  (3833,2605)  (3936,2647)  (4053,2623)  (4169,2563)  (4236,2476)  (4280,2389)
SZ36  (3075,2682)  (3177,2738)  (3307,2746)  (3396,2692)  (3450,2610)
SZ37  (3336,2365)  (3369,2462)  (3441,2397)  (3474,2479)  (3545,2432)  (3602,2491)
SZ34  (1512,2621)  (1607,2627)  (1710,2627)  (1808,2627)
SZ35  (2268,2629)  (2360,2705)  (2460,2768)  (2586,2777)  (2714,2732)  (2835,2660)
Harima  (2577,1303)  (2641,1322)  (2568,1368)  (2637,1388)  (2563,1433)  (2631,1465)  (2545,1495)  (2619,1531)  (2533,1553)  (2596,1598)  (2518,1613)  (2583,1663)  (2497,1671)  (2543,1727)
Bitchu  (2090,1190)  (2064,1257)  (2135,1253)  (2053,1321)  (2120,1319)  (2184,1335)  (2059,1388)  (2123,1398)  (2145,1463)  (2027,1464)  (2085,1465)  (2181,1400)  (2112,1520)
SZ41  (4938,2481)  (5049,2479)  (5158,2482)  (4964,2602)  (5065,2585)  (5160,2580)
SZ42  (5756,2488)  (5775,2596)  (5864,2482)  (5904,2591)
SZ43  (5157,2125)  (5218,2218)  (5156,2325)  (5026,2344)  (5322,2134)  (5335,2263)
SZ44  (5743,2100)  (5757,2212)  (5786,2314)  (5859,2153)
SZ40  (4404,2612)  (4495,2655)  (4608,2647)  (4716,2628)  (4381,2451)  (4793,2578)
Tajima  (2609,907)  (2673,944)  (2609,971)  (2675,1004)  (2613,1034)  (2681,1064)  (2742,1118)  (2757,1181)  (2763,1245)  (2700,1238)  (2685,1172)  (2625,1090)  (2733,1031)  (2726,943)  (2686,1118)
SZ45  (5108,1516)  (5111,1619)  (5107,1726)  (5079,1813)  (5049,1901)  (5025,1985)
SZ46  (5759,1515)  (5763,1619)  (5761,1717)  (5769,1835)
SZ47  (5391,1267)  (5505,1201)  (5600,1108)  (5650,1003)  (5712,906)  (5307,1357)
SZ1  (30,230)  (120,230)  (210,230)  (300,230)  (380,230)